2,0
1,0
114,0
141,8
141,7
141,6
141,5
141,4
141,3
141,1
140,5
140,4
140,3
140,1
139,4
139,3
139,1
139,0
131,3
131,1
131,0
130,4
130,3
130,1
130,0
127,3
127,1
127,0
126,6
126,5
126,4
126,3
126,1
126,0
123,3
123,1
123,0
118,5
118,3
118,1
118,0
117,5
117,3
117,1
117,0
114,4
114,1
114,3
91,4
91,3
91,1
91,0
81,3
81,1
81,0
26,4
26,3
26,1
26,0
24,3
24,1
24,0
23,3
23,1
23,0
22,3
22,1
22,0
21,3
21,1
21,0
20,3
20,1
20,0
19,3
19,1
19,0
18,3
18,1
18,0
17,3
17,1
17,0
16,1
16,3
15,3
15,1
15,0
14,3
14,1
14,0
13,3
13,1
13,0
12,3
12,1
12,0
11,3
11,1
11,0
10,3
10,1
10,0
8,4
8,1
8,3
6,1
6,4
2,9
2,1
2,7
2,3
2,2
1,1
1,3
1,2
0,310
0,305
0,308
0,304
0,303
0,302
0,307
0,12
0,10
0,8
0,0
0,314
0,300
0,411
0,299
0,311
0,298
0,348
0,297
0,409
0,296
0,407
0,295
0,406
0,294
0,431
0,293
0,430
0,292
0,435
0,291
0,337
0,290
0,289
0,315
0,288
0,354
0,287
0,352
0,286
0,434
0,285
0,284
0,312
0,283
0,427
0,282
0,371
0,281
0,399
0,280
0,401
0,279
0,420
0,278
0,410
0,277
141,0
140,0
0,396
0,276
0,383
0,275
0,447
0,274
0,370
0,273
0,272
0,433
0,271
0,345
0,270
0,269
0,359
0,268
0,400
0,267
0,266
0,381
0,265
0,388
0,264
0,373
0,263
0,356
0,262
0,432
0,261
0,385
0,260
0,384
0,259
0,419
0,258
0,341
0,257
0,335
0,256
0,355
0,255
0,413
0,254
0,360
0,253
0,380
0,252
0,327
0,251
0,349
0,250
0,397
0,249
0,346
0,248
0,358
0,247
0,357
0,246
0,429
0,245
0,439
0,244
0,425
0,242
0,417
0,241
0,351
0,240
0,423
0,239
0,329
0,238
0,416
0,237
